100
1678 2276
279 5737
9492 339
1272 7551
999 933
3059 4893
8852 7508
9122 7547
4246 2520
6703 3607
6404 5389
2571 3274
9462 2
1681 4662
514 9051
2255 5043
5918 8889
3919 6714
5960 1512
5675 8359
480 7475
3066 1260
7992 556
9993 600
1978 3949
4515 3608
8725 7613
9107 5289
5806 832
2382 8595
8369 6234
4285 551
5436 4830
972 7756
7525 8547
9770 2823
1763 3121
5943 6605
3280 8483
6172 5128
8934 5726
7092 4464
661 5275
3177 2621
6396 448
9843 5978
5886 4059
1653 2562
4485 6991
672 8658
131 8074
2519 7487
731 3810
4284 2929
1951 931
8130 894
5056 1227
9201 3465
5575 1387
3899 5035
7151 825
4313 8840
3117 9663
61 1027
3069 1030
3440 2958
1295 891
2235 3316
9029 8517
1712 4344
5255 5829
601 8259
9914 2889
4681 6927
3525 9309
6162 2615
54 2317
1953 4916
9737 4699
8759 324
8075 4464
1320 6479
7472 6233
3361 3412
5475 851
5719 8765
9481 9687
3529 7798
3297 7718
726 9116
9376 8330
1007 9052
9861 6352
1461 2307
9387 3478
4377 1776
5405 1214
8574 6796
9273 7222
4363 4536