
Numero de vertices: 10000
Numero de arestas: 109977
Grau minimo: 8
Grau maximo: 43
Grau medio: 21.9954
Mediana de grau: 22
Memória utilizada pelo processo: 24788 KB

Diametro do Grafo: -605668864
Componentes Conexas (1 CC's)
=================================================

Numero de vertices: 49948
Numero de arestas: 1299794
Grau minimo: 1
Grau maximo: 112
Grau medio: 52.0459
Mediana de grau: 55
Memória utilizada pelo processo: 457144 KB

Diametro do Grafo: 2112043520
Componentes Conexas (10 CC's)
=================================================

Numero de vertices: 10000
Numero de arestas: 109977
Grau minimo: 8
Grau maximo: 43
Grau medio: 21.9954
Mediana de grau: 22
Memória utilizada pelo processo: 24792 KB

Diametro do Grafo: 2048
Componentes Conexas (1 CC's)
CC 1: (10000 vertices) ~ [ 1 8981 8340 9401 9519 9190 9452 8485 9604 9831 9721 9640 9399 9586 9905 9644 9409 9543 9485 9843 9642 9932 9935 9460 9920 9863 9585 9592 9901 9569 9719 9027 9079 9868 9782 9922 9979 9950 9154 9811 9816 9703 8029 9986 9871 9120 9179 7688 8572 9773 9853 9733 7637 9521 9736 9767 9915 9335 9511 9973 8357 9291 9829 9993 9848 8525 9683 9610 9785 8182 8842 8494 9324 9245 9799 8558 9964 9998 9938 9933 9919 8002 9981 9188 9504 9946 9756 9777 9842 9647 9976 9681 9603 9823 9904 9006 9744 8451 9595 8066 9209 9990 9856 9902 9789 9881 9893 9891 9498 9928 9286 9435 9836 9940 9273 9423 9877 9474 9883 8949 9786 8549 9910 9859 9875 9671 9876 9754 9943 9941 8606 8633 9497 10000 9841 9984 8814 9025 9971 9679 9215 9921 6493 9694 9389 9969 9997 9630 9961 9633 9931 9620 9908 9722 9635 9686 9475 9384 9556 9930 9100 8024 9887 9309 9774 9217 7839 8595 9900 5081 9493 9622 9135 9138 9967 9458 9419 9701 9909 9336 9445 9860 8812 9317 9725 9268 9682 9054 8568 9210 9692 9820 9017 9559 9650 9623 8304 9821 9884 7608 7290 9929 9168 9467 9628 6772 9822 8072 9995 9834 9629 9108 8866 9413 9619 9870 9455 9818 8427 9094 8372 9781 8592 9715 9402 9532 7802 9696 7801 8529 9281 9061 7793 8821 9796 9966 9845 9316 9276 8115 7597 8963 8908 9495 9803 9405 9962 9734 6332 9974 9865 8371 8552 9587 9771 9574 9106 8462 9406 9544 7701 9453 9867 7398 9765 9996 8980 9187 5782 9246 9461 9442 8469 8840 9261 7673 9197 9292 9375 9847 9833 9277 9205 9340 9992 9617 8788 8394 8607 9963 7426 9889 9386 8628 9999 6842 9698 9695 9557 7652 9791 9434 7390 9936 9554 9287 9437 8824 9688 9651 9655 9972 9980 8831 9457 9477 9866 8829 9898 9590 8418 9349 9723 8650 9443 8715 9512 9927 8192 9739 9417 8697 9213 9136 9303 9751 8776 9645 9707 8677 9700 7773 8005 8954 9697 9805 9755 9957 9606 9878 9778 8648 8873 9047 9448 9360 8220 9411 8600 8044 9712 9852 7887 9446 9684 9982 9203 9955 9055 7985 8635 7201 9258 8801 9377 9250 6211 5997 8074 9255 9256 9643 8435 8822 9253 9665 8951 7392 9952 6158 9749 8971 7215 7118 9240 8972 9637 8594 8725 9478 9283 9676 8964 8751 9828 9390 8990 8796 8401 9522 9809 7496 9947 6482 9237 9680 8984 8826 7930 9987 8643 9524 5843 9691 7678 8367 9257 9147 9500 8314 9978 9329 7903 9306 8743 7996 9752 8864 9857 9124 9937 8602 8522 9355 8904 9395 8140 9388 7920 8458 9469 8532 8155 9259 9892 5400 7667 7991 9062 9951 9231 8484 9793 9503 8563 9801 9880 8845 8523 9849 9861 6549 9046 5295 9165 9506 7523 6991 9263 9367 9885 8406 8561 7502 9127 9762 9425 9059 7650 8721 8652 9558 9232 6234 7386 9045 7515 9476 9760 9944 8687 9670 7781 9942 9753 7747 8252 9271 9364 9899 8283 9227 8926 398 9581 9624 9344 8251 9092 9122 9396 9658 9134 5945 9916 9911 7942 9757 8450 9241 8179 6801 8876 7845 9731 9925 9370 9764 8891 9004 9886 9505 8898 8696 9591 7488 9896 7508 8726 9547 4722 8889 9926 9230 8194 9527 8603 8247 9391 9815 9439 8419 8493 8960 6640 9066 9968 9514 8138 8569 9895 8768 8887 6923 7706 6882 9855 9536 9155 7167 9003 9807 9983 9832 6996 7714 9553 7417 9338 8712 9776 7487 9989 8772 9766 7791 9835 5502 9420 4527 8700 7188 9958 7734 9601 8888 9398 3777 8546 8655 9949 7085 9201 8836 8062 5493 9067 9607 8303 9797 9451 8278 9728 7915 8819 2496 9879 9985 9186 9194 8714 7253 8381 8165 9747 9158 9618 5072 5622 7752 8943 8581 4585 536 8344 9191 7500 8420 5375 1931 8156 6764 9140 9265 8244 6639 9960 9953 8999 2088 9873 8707 8311 8325 7661 9128 6396 8551 9907 9675 7575 9080 7266 6825 7516 9139 3283 3652 7950 8375 5635 9646 8045 8268 8557 8722 9812 9373 9332 9546 9008 9126 9745 9808 4456 9496 8208 7719 6585 8660 9611 7262 8413 9991 5729 8368 9393 9145 8823 9819 9002 9710 9531 6230 8940 8745 6697 5560 9033 6432 6263 6313 9252 9917 9890 8129 8396 8850 7459 8992 9589 9903 9020 9454 9806 9810 9333 8025 9366 5803 3819 9769 5950 8226 9706 9462 9704 8530 9433 7814 8640 8608 6131 5937 7324 7807 9470 8009 9178 9104 8691 9549 9408 4465 3974 7568 8825 8403 8166 7820 9914 9304 9415 7036 9854 2785 7877 9266 9750 6957 7543 4999 8477 8631 3559 9784 8910 9563 8015 9945 9007 6344 4946 8979 8384 7861 9202 6481 3718 9181 9664 8059 8121 7605 9488 2727 6759 9342 5144 7492 8332 7138 2987 9535 4512 6509 9864 5161 8408 9044 5669 5886 9024 1701 7441 8813 8830 2324 9564 6776 7350 8186 7703 5620 5648 7629 9570 7532 6349 8816 8742 9414 7536 7189 9689 5418 7207 9438 9242 5976 8041 4415 9063 9894 4389 8893 9798 9177 8459 6913 9284 8075 4464 9015 9724 9350 3816 8644 8747 8916 8848 9912 4487 962 8118 9578 8736 6720 8877 7491 8176 8853 9042 9050 8425 8094 9068 8827 9091 9288 7061 7699 6490 2814 1361 3285 9365 7048 6744 6800 6284 9735 2849 8399 6160 8654 8187 9374 6978 5889 8987 6418 6051 7779 9693 6591 9010 5636 7619 7102 1852 6106 9746 9631 8763 7474 9328 8196 9872 7165 8464 482 6879 9988 9182 9888 8759 9779 7230 8071 3876 8651 9450 5272 3319 5530 8452 7022 9851 8430 6943 6710 4554 8243 8699 5540 7321 9939 884 9376 8544 8587 7771 8091 2422 2864 1603 9948 9656 9641 6797 5013 7878 5405 9576 9026 7044 7576 4652 9490 7330 7803 8930 8865 4370 5653 6458 1047 9975 9341 2646 7940 6657 6236 6033 5204 7925 5877 5641 3743 2534 7442 8856 8942 9568 8547 6524 8197 4621 9077 3979 7373 7063 5257 1721 9994 7497 6422 6855 9112 8538 3603 9565 8661 9639 5519 8854 9358 7425 8020 7490 4532 5954 5075 2253 3227 5408 3375 3712 5721 5079 3785 5983 6478 9540 6451 4161 8562 5993 9160 6869 5822 5059 6765 2891 9713 7277 1645 9965 8175 9923 1338 6606 8770 2669 9737 8227 9499 1075 2854 6013 9174 8716 2629 6783 9180 8867 7948 1451 5569 5708 6748 5170 7284 4573 5269 9400 9653 9449 6126 7990 3516 7960 2746 9600 8986 9598 9748 6392 2906 8379 6063 7578 9763 8657 9444 5094 9000 6494 9780 8366 7307 3189 2654 6390 7296 6215 5082 6266 6695 806 274 9334 7810 8612 2327 6773 9403 4032 6253 7366 7857 127 9794 9660 6408 6980 5254 1469 7968 6682 449 8556 5322 2850 7362 7761 3417 1832 9775 2571 4366 5661 5394 8076 8905 9783 8414 9613 9858 9614 8004 6419 8576 8941 9977 4801 2448 1562 266 6361 4466 6129 5628 9913 7419 5261 5726 5592 4123 4484 8269 5346 6666 8069 7358 7932 911 6208 9102 7106 9019 8058 7286 2635 7185 1933 9090 8968 8507 6803 8615 7569 3775 2460 3538 4283 1775 4288 1349 7335 6435 5379 9432 8171 674 6109 5264 8950 122 1411 1593 4687 819 2575 2103 8496 7164 6758 6272 9412 8193 3779 885 540 4323 5685 6696 100 8550 7756 506 7853 9616 7433 9216 7660 4137 967 3363 1183 6014 1555 6213 5507 5526 5523 3074 8453 4742 4265 4164 862 878 106 3333 4296 7408 9086 1686 6185 9318 9690 5334 5640 323 6866 2566 5580 9440 6903 2444 9669 4034 3951 8491 2415 9397 6979 1904 2048 7356 6751 5337 6607 1857 1392 1586 1272 3992 7518 9150 3821 9494 6137 1341 6136 6715 9795 467 4284 3942 8895 3217 9176 9626 7511 1634 2822 315 5382 5811 5409 9825 6909 3958 9260 8077 1939 3065 161 199 2236 3173 1434 2521 245 7264 7603 2397 5073 8878 1153 4653 2465 5830 9924 9345 7434 7767 649 5310 1173 5352 550 3537 7005 6681 7256 9934 9869 4690 9301 23 1583 4927 9331 5615 5607 5703 4924 4865 6306 1926 9636 8815 1246 1972 5197 189 9137 8692 264 72 5732 2506 2308 7281 3230 8011 8977 4315 2792 4269 5315 1671 2974 9732 9072 5924 9906 1808 685 953 1116 7493 423 8666 5929 1977 1365 9236 3462 9897 2310 8672 3691 7100 2316 961 3394 3754 5665 8355 6475 6385 5427 4861 6476 9621 9667 4662 7677 9097 3508 9343 8308 5122 3042 8032 2993 2451 3531 4962 2923 1065 703 2697 8447 4479 469 9173 8647 5277 4431 8861 2450 1781 1258 4626 5646 5598 2417 4363 2019 1283 2362 5712 9305 6951 3978 8028 2182 1943 1110 2282 1353 3737 419 3003 2375 8475 2366 8911 2095 2300 3376 4158 4936 4689 460 6576 1818 2196 6763 221 4510 7927 4898 727 9956 3327 9264 7155 7060 6981 2462 7724 4403 376 907 28 3022 7243 1000 8909 4277 6017 2303 9814 820 8757 6791 705 5236 6659 9813 8798 8300 5903 1520 4798 9407 8997 4106 3805 9289 6465 1118 1175 4540 5299 5175 1991 8313 6876 4823 5091 4340 2306 1762 7495 2770 1132 8429 846 2678 7739 4862 2470 1548 6603 6539 2335 1678 4671 2377 2487 4555 847 7944 6034 3466 2728 6675 7916 8835 4276 286 2684 9018 1984 8790 3004 6969 167 2900 7987 9716 867 318 2264 2745 6782 8847 5618 9383 4003 664 6179 2655 4399 3600 1336 945 721 381 6415 4950 1384 2497 4136 8755 9326 6794 5788 7639 8273 3174 3080 6680 7115 3519 4572 615 4568 340 691 614 9330 6166 3740 5004 3739 2036 519 442 5478 7553 3629 6894 2271 6326 534 1959 2690 2466 2482 2233 4701 1485 118 2312 9954 4028 2132 2582 3249 6159 1326 3541 2663 857 2882 2383 1550 1024 1747 6287 6338 174 5194 1715 6646 9298 9612 998 8112 7205 1356 4931 883 3331 1242 8516 1113 7406 4118 8728 137 2918 5044 472 7826 6727 5810 2675 4863 4593 4834 551 2128 9060 7956 7103 1970 2385 2472 3045 2281 4321 996 5964 812 5809 7298 7291 2681 3875 9069 6634 3727 3431 9481 6413 560 1480 4341 7475 4139 205 2409 4835 3158 1414 6621 979 9800 9146 2116 8287 440 6552 973 552 2945 6835 2447 7248 2786 5110 5199 8779 6000 3486 6518 7542 7796 3732 1282 5438 3122 557 7218 704 1598 5953 4172 6761 1699 3713 1232 461 62 687 1737 9663 4644 9157 8276 4490 4116 4606 2201 4618 1292 6654 5654 3913 6374 836 7566 6677 7666 7214 8734 5398 6780 4143 5489 9109 1615 881 5957 422 2548 635 81 7936 6988 1566 2431 952 9970 5659 3528 9200 9482 8204 3090 2887 8400 7059 7562 1312 116 7529 3313 6209 9761 2720 1733 9118 7436 3493 974 1321 6243 4684 9196 2411 7229 2555 5168 7939 6485 3148 6099 7539 6031 5956 8230 8097 8872 1484 1180 4042 4461 3507 5148 3444 795 3593 3827 882 999 142 471 7145 1170 3776 603 2520 2148 3976 3169 720 430 55 2469 6954 3522 1618 436 247 3965 2190 1608 8737 648 401 5772 2657 3987 9537 1658 3930 716 794 4816 5760 3265 178 4483 5329 6746 3623 1948 546 1370 680 354 3502 3140 2499 1477 338 7649 7410 492 3116 2949 2231 4271 9662 7751 3320 2090 1868 3634 8473 737 569 8804 6180 8317 905 5695 2962 7873 7795 1005 4939 2599 9320 3419 855 3699 2044 1743 4180 1657 3123 2831 9161 3207 1859 3682 7329 2412 9840 1381 7819 8738 7418 2656 1507 6690 8102 4664 4189 4175 3342 2280 3573 8257 2793 5893 4660 5112 1026 1276 1233 5410 1002 7865 9790 9502 9380 8201 8146 6750 2495 937 605 223 5663 3500 3031 9552 8923 8906 4395 3604 719 2693 3823 190 2890 6380 8649 1059 7908 1420 4638 2875 8870 2339 2053 1032 5550 790 6088 150 8350 6598 9295 3730 1504 418 6788 2251 5114 2803 4766 2474 487 5773 3006 3791 1102 1760 6269 651 9416 1730 895 764 7718 7641 5500 3893 3780 1048 6813 5977 4929 3574 2992 2804 1899 4460 1616 2838 1062 7469 279 8238 5864 4246 3906 2976 8959 8289 7774 458 6669 6581 4259 4179 7369 5854 60 1640 7904 2125 833 1344 1650 3624 6511 2198 1441 7146 1111 8773 4419 750 9533 9711 1764 3683 1844 642 8070 7363 6537 7897 7327 3401 2329 4758 2677 706 7726 7206 5186 3677 151 3144 1569 6467 5522 2343 1395 225 5100 6168 1105 2025 5902 4064 9422 444 1215 6994 1710 8037 3628 2941 2560 1845 5343 5166 629 4361 5241 4649 4127 305 8014 1768 4222 4033 3021 1518 1319 5935 4509 4673 4951 4095 3310 3093 2406 2035 8718 7381 290 3959 7158 7093 7039 3360 3513 50 5796 2159 779 5985 3982 9105 2518 6134 8307 4497 6726 4685 1567 809 2978 696 7612 4351 3441 3420 2602 2481 7907 7552 7325 5465 2517 6816 4903 3325 5306 51 647 927 5577 5137 9363 4391 1426 3005 1888 4217 4014 2719 1446 3853 6645 481 320 120 1151 6438 1060 6473 1221 5562 3705 8761 2047 3293 6793 3747 1493 311 3626 7609 7128 6460 1072 7783 4622 3861 6536 2931 675 6299 6881 6255 5227 3877 1790 3268 8111 9561 7035 5670 3897 3471 7052 8586 7320 7105 1625 325 2531 2104 8444 7838 3794 4125 1692 1165 5752 9189 822 738 4706 119 6098 1812 869 2532 6244 4892 4379 2637 1840 85 4044 6528 6059 4218 4002 1130 385 6452 3303 1129 3474 2004 8241 851 1039 7971 5807 5753 5748 446 4514 4434 2964 1310 8892 7997 3196 1209 44 2256 2089 6671 2806 1757 98 4360 1884 233 2990 7462 2204 8706 6819 3888 1967 7031 4557 1298 8927 8662 6898 3272 4262 4092 2350 4174 3813 5187 5546 4446 8306 6037 3670 3666 8541 439 6231 5298 2228 4972 839 4251 3825 510 7989 770 218 4558 7030 6784 5979 5787 1921 3649 8331 2084 7017 565 4411 1265 5537 4632 6679 4870 1636 1465 5912 5539 4563 5106 4020 5316 5203 3489 1890 3494 6315 4944 3555 1971 4275 917 650 4144 8134 7828 5466 2267 1800 810 6953 8063 4103 3758 1786 6007 3505 7709 924 7087 3138 923 417 1306 4134 2000 4814 202 6830 6688 6002 4289 2486 2230 2965 658 4048 1100 625 3188 2436 1663 5508 7394 1508 563 1756 592 6573 7252 6678 4566 4524 3337 1523 3563 1494 9882 7535 2480 5723 1263 8092 3446 8085 5603 9075 3830 7708 1134 382 3869 3700 1124 6724 3744 2547 9016 8727 8411 2614 544 8935 8334 7361 68 4775 957 1551 1541 8775 8642 7602 6555 3396 2346 6733 6256 1079 466 9837 7850 6393 4531 2361 1521 5218 1862 4368 7223 858 9466 5234 1178 8571 7147 1068 3317 9959 4350 3010 7505 1579 128 8067 3871 4562 3126 2138 1120 915 799 667 19 3707 2319 1839 4410 4255 2960 2038 211 1530 1293 1043 6171 4763 4702 3635 761 431 7152 4818 4811 4542 931 1213 9579 5600 8613 7238 814 4900 293 7729 4445 3326 5411 4151 9874 9742 6015 5513 4933 3264 2572 875 693 6310 5455 5121 6506 6372 5360 4383 4286 1882 158 7020 5713 3630 2718 2359 1610 8735 7056 637 6809 6689 2908 3157 3035 362 6608 3193 3058 1994 1801 1357 5401 971 4842 2733 994 6 7984 7870 5583 3765 1496 1195 5647 5626 5354 1388 6505 4091 3697 3657 1814 287 7453 5576 2668 1185 7653 4642 3306 3295 1416 8089 4880 3087 4938 1475 694 2012 249 3957 3865 1896 526 2226 1785 1723 6900 4274 1722 9142 4546 975 8312 2562 4893 641 8135 5525 1638 1461 8573 6668 5417 3834 3050 2479 8750 7192 4663 3872 173 6286 2066 5914 3524 8421 7929 5002 3769 2194 1255 3256 2152 7089 6563 2905 2027 1159 732 7995 3829 2863 5836 337 6865 3950 3587 1928 8855 6254 5503 5485 4591 3485 1423 5797 5404 3860 3172 8460 9233 7912 6401 6262 4911 4452 3985 1193 9169 7571 6097 2258 754 589 4594 1784 410 6298 2729 2569 1817 8579 7935 8049 5798 889 548 5037 8575 7770 3606 7830 4876 3308 2156 1648 99 7684 4450 219 5818 4625 1234 6265 1879 1799 5554 4790 2916 1301 8195 7477 5463 4855 4805 1422 4025 4641 4190 3243 52 8681 6620 5936 4611 2423 6239 5384 5448 8440 5180 3276 6944 1302 978 784 6009 2779 2043 123 5601 4441 7010 3814 1095 789 7874 7078 6399 5959 3009 6260 4084 9538 8470 7104 5353 4073 3676 3100 30 6501 4424 2617 6525 3382 3307 1913 7483 6351 5174 2367 7190 1086 3694 1570 8957 8833 8540 6001 5393 4669 2998 2795 1837 1107 8402 5574 9035 8765 6005 5302 450 8777 7541 6118 5711 4080 2096 9275 7896 7074 5297 8376 8164 5386 985 2360 8517 6730 3260 2416 8415 8060 6187 5209 3424 3076 2514 7506 2464 1968 1038 5793 5633 4789 3709 8664 7099 3221 2855 951 5099 3625 2024 1019 462 2065 1352 746 8137 4407 4258 986 453 7121 4994 4293 752 6317 5285 5058 3368 2894 2135 2026 5332 3449 2818 1538 4819 863 77 6908 5237 1602 1202 133 73 4211 2556 5948 5088 3150 3115 2197 7316 7261 6036 4210 5986 2725 1647 1573 1497 8501 7679 7512 6008 1895 239 152 6224 5769 2533 2373 237 5632 4735 3205 1643 708 1311 735 712 8746 7827 6125 7693 5610 4783 4771 3788 6920 6388 5970 4813 26 9302 6904 4529 3721 7615 7013 6968 6343 4352 1167 1152 377 18 4993 4620 6488 5587 4746 4359 3583 2936 5086 3944 6735 5740 6589 4009 2844 2105 1924 964 5923 3252 6633 3837 2370 1505 1500 2428 5565 5220 4301 2577 2178 4291 920 7610 6616 5743 4234 3108 2565 1953 6612 5677 5413 514 5167 4252 2909 1905 6948 5974 4204 5440 4101 3077 1374 1097 4672 3185 9404 6665 5642 4138 3939 2526 2252 1880 1534 8387 7561 7344 4266 4011 1791 7638 7513 6459 5009 3991 1087 2002 1317 1164 6342 5052 7824 7445 6987 4922 3454 94 8564 7572 6067 5287 4212 4090 3229 7835 3815 6354 6223 5213 2545 1425 1027 9605 8920 4712 4063 3191 2527 2320 1685 1545 574 7233 6329 728 93 7594 2673 2102 8428 8688 6928 5283 4061 144 4057 2781 2667 2162 1482 7326 7302 2724 2257 8455 6649 5107 3483 3233 733 182 7160 6849 2553 8359 4959 4954 3896 1992 8795 8767 6935 3151 759 6281 1576 1513 7258 6053 5359 2665 8683 6708 5171 3499 2913 1820 1744 1619 4206 3178 1238 681 5260 5249 3614 3239 2871 976 39 8169 3318 1575 7415 6046 5515 3397 1254 103 3772 9052 7900 7014 5842 3413 2979 2140 1954 7135 6403 4710 1731 854 9424 6845 4334 3481 2150 2149 669 5651 5347 5208 1206 813 138 9632 9249 8136 4610 3933 3561 6760 6685 6389 5077 1324 160 7672 5839 5367 3244 1492 689 2435 1417 828 226 8218 7556 4105 2404 5495 5446 4953 4852 1869 1460 8416 7397 6111 5581 5118 4547 4207 4167 2982 1472 6546 4907 3916 3411 9518 7798 7182 4480 3922 2529 8741 5981 2767 7544 6517 5365 4248 3235 1274 37 6294 5244 4613 191 7954 5262 244 97 7461 7237 5922 4586 4332 4053 2484 2009 87 9022 8326 763 7626 5518 3374 5938 4550 673 622 186 7910 7885 7669 6802 4196 2897 2254 1853 1295 6661 177 5 7869 7846 6706 5458 2338 2119 2914 2769 8710 6210 3660 3535 1614 9048 8110 7191 6080 5060 2016 314 6245 5768 4665 368 1827 1399 1148 1101 4317 3180 2951 6749 4022 824 7168 5834 2421 1315 7365 4583 4516 870 494 9143 8993 8797 6831 4965 3983 3402 2400 1635 1117 8215 3717 2552 638 542 4658 3751 3177 2966 2049 1949 1758 1359 593 8685 6081 3948 3001 1684 163 8521 3810 2892 2879 1431 8646 7376 4365 3782 5233 5064 3315 823 8846 5816 4736 4501 4058 8327 8095 7917 7738 5863 4565 3577 3339 2183 1090 7875 6965 4877 2841 1445 7712 5483 4928 4884 4637 4433 3073 1720 42 25 8762 8267 5625 5571 3389 3176 7979 5897 1029 7271 6074 5556 3200 2513 2456 1335 402 9219 8669 4597 516 8022 7976 4996 7844 9220 8341 7470 6592 4899 2848 521 7278 6548 5918 5704 5190 5021 4308 4220 3863 3642 1770 7509 6600 4768 4166 1981 3651 3019 1627 275 8634 5447 3344 3064 2717 5823 3858 2011 198 2275 1863 1235 840 9730 268 8931 8789 8709 4508 1772 3653 722 9148 9119 8503 7045 4679 64 8445 8423 7154 5369 4426 1986 700 457 7295 5955 5096 4785 4219 3468 3433 9234 8784 7389 7180 4960 3546 1532 609 4851 4523 3644 891 7428 7086 6290 5305 4728 8442 7635 5644 5097 3968 3534 3434 1930 9421 8053 6028 3784 3340 3145 2969 2244 1950 1917 886 479 8281 7906 5657 3654 3478 1907 1666 7624 6699 6550 5292 4384 4257 4072 3053 7134 4203 2587 7297 6820 6504 5047 1287 2810 2748 1822 8479 5990 4800 4335 4263 3163 717 672 359 5093 3435 682 8047 7775 6846 4840 1280 88 8093 5856 5074 4677 1448 8086 7200 6360 4254 2958 435 316 210 8966 8168 8001 7504 2131 360 6570 3597 3547 1714 1590 995 871 8857 8690 7852 7088 6637 6324 4181 3370 1755 9479 8720 8207 6055 5837 3292 991 280 5855 4808 3890 3802 3353 3257 1363 434 79 8256 7867 6050 5656 5027 4060 3190 7221 5341 4560 3030 2846 1442 1073 9278 7217 6521 4761 2414 1773 267 8933 8871 7888 6655 5242 3556 2749 8754 6940 6404 5184 3609 2075 2055 7628 6847 5127 3321 2632 2293 2143 1459 499 6094 2985 1457 8223 8152 7041 6453 5817 5747 4150 1296 283 6469 6135 5205 4457 3926 3820 8792 8016 6534 3168 2443 1585 575 8793 8397 8170 8117 7937 4498 3088 1144 916 8133 7691 6966 6742 5846 3533 3092 2172 9431 8128 7879 7148 5841 5055 4755 4408 3960 2223 711 8953 7551 6614 4129 2260 1675 1076 8209 6836 6091 6466 6235 2234 2 2626 1070 7174 6304 3350 3210 3192 6754 3037 533 7403 5652 3514 3270 2608 7380 7091 6564 5860 2449 608 7468 6540 5437 3618 1128 9356 6725 6487 5496 554 7813 7342 7067 4553 3966 3492 2304 165 8033 7730 7414 6970 4718 1937 1560 1243 1198 7622 4849 2239 4676 319 33 7083 2759 1473 426 304 6577 5222 3330 2983 1944 1413 41 8882 5419 4667 2588 5781 5392 5011 4902 4544 395 8698 8678 7899 6424 4236 2836 2541 2500 1181 332 5847 3836 3515 3199 1042 8599 6838 6268 6201 6030 2862 8305 7823 7485 7254 6543 3286 2564 5750 5596 4163 4157 3567 1676 1176 508 4896 2216 168 9087 8806 8671 6861 6029 4382 849 9727 9599 7404 7203 5032 2603 2109 590 9111 8027 7934 5683 4507 3113 2440 2391 2292 5686 4882 4760 2121 61 6560 6247 4306 3008 2070 1046 416 134 5281 4128 2929 1568 9548 7029 6643 6291 5792 3832 2813 1407 993 157 9222 8739 7892 7071 6463 4299 4216 2859 1702 7983 7943 7331 6686 6113 5314 4485 1729 503 6642 4145 3488 1682 1186 598 7285 6512 6252 4636 4472 3748 8719 8270 8090 6470 5939 3998 3298 48 8339 7323 6998 4753 4471 3746 350 228 8820 6499 5214 4655 3961 2856 1542 1443 4548 4470 2991 1796 1761 1261 9593 8614 7364 5381 4549 4243 4130 2288 1655 890 741 643 7859 6717 4494 4375 8127 7112 6884 5678 5520 2876 2425 8828 8181 7227 4748 4362 1378 425 9 9743 8245 8222 6307 3109 897 8271 6514 4715 4412 2408 2342 1709 171 8098 4656 3094 1419 933 404 8275 7021 6086 4627 3066 1269 9759 8174 4428 4013 3793 2946 2217 655 572 7749 1749 1077 943 518 8391 8198 4238 8553 7922 7745 3760 3503 7125 6020 5063 3328 3032 2503 6971 5039 4371 4149 3952 2889 1935 7623 6583 2934 2323 2245 5265 5119 4156 2483 2222 1811 566 7994 6551 6203 5962 4224 2040 373 8292 6395 3874 3084 7228 5881 3686 2453 1141 465 7647 7517 6429 6195 5611 5536 3280 3141 2878 2761 8410 6826 4666 3267 3228 3179 1828 646 7986 6833 5098 4079 3034 2437 2242 1807 1804 6877 4569 2641 1600 1196 8489 6568 6457 4838 2952 2896 2353 1150 876 4454 2510 9359 5036 4628 3803 2885 740 8554 7871 6200 4749 4482 4392 3761 2843 2015 9294 8621 8438 7455 5631 5609 5541 4070 3899 3857 455 8158 7851 6611 5944 4879 3679 3637 1964 1628 842 8333 7006 6554 4624 3668 2973 1391 1305 683 9113 8934 8061 7303 6821 5482 2286 8859 7898 5185 5131 4005 3384 9602 9491 6553 5861 5445 4336 3164 2995 1089 7716 6631 6425 6172 4990 3581 1594 1088 459 8542 8017 5280 4992 4779 2751 2023 1866 811 6946 6582 4967 3408 1067 3012 1914 724 478 9037 7659 5894 5321 5130 4354 695 6723 5684 5056 4942 4848 4682 3540 2399 2318 2305 8844 8260 7764 7247 3883 3240 2705 1889 443 8869 7150 6807 5800 4443 3854 2688 2269 2262 2191 1910 894 4773 2861 2200 1609 7439 6629 6523 6353 5250 5069 4478 3999 3924 2877 2794 2618 2008 306 8914 8598 7382 6700 6356 6071 5494 3741 666 6601 5358 4803 525 172 7499 4008 3023 1691 877 657 67 29 7244 7133 4868 3130 1172 454 9223 4915 2760 2334 2295 2086 5606 4394 3182 2773 2341 1759 1340 1279 701 511 9192 9172 8862 7614 6586 6335 5770 4983 4513 4342 4326 4305 4209 4059 1056 222 8323 864 768 9041 7938 6558 4794 3702 3585 670 192 6878 6806 5778 3475 3274 1858 7911 5057 3701 2867 8945 5900 5710 4198 4031 3237 1406 302 9523 8338 3017 1199 166 8456 6672 3795 3684 1214 6402 5805 5071 3544 2926 2410 2181 1476 344 9508 7988 7507 5879 3842 3552 3438 2371 2259 278 209 7309 7299 7040 5505 5395 5016 3811 7788 6921 6199 5852 3904 1277 7921 7675 7276 6962 4976 4401 4396 2762 2576 1543 896 7549 7082 6999 6648 6045 5681 5423 5338 3662 11 7557 6579 2114 1439 671 7967 5835 4455 2997 8601 7683 7242 7131 5904 4081 2570 1789 1774 7184 2636 1467 1011 879 844 8701 8249 8147 5231 4418 3714 3669 3226 2403 2175 1961 5499 3955 3530 942 729 9575 8808 8616 7882 7797 5549 5388 5202 5040 4716 4661 4520 3418 2904 1099 1080 9228 8591 6022 5232 4998 4846 4743 1716 6924 6906 5196 4752 3529 935 8211 6596 6455 5534 4600 3470 3379 3063 2123 124 7676 1732 656 9385 7728 7076 4917 4416 3762 1160 296 8369 8054 6950 3928 3061 7546 6650 6412 6105 4152 2933 2112 1304 330 6060 5701 4769 4414 2432 6755 6716 2213 1874 555 529 208 4858 4608 3917 3366 3316 1695 527 14 9709 8584 7581 7313 7260 6984 6738 6367 6157 4987 4473 4037 2833 2801 1851 5870 4097 1547 1537 9738 9459 6522 5926 4737 3487 1842 1674 860 255 7113 6781 6446 5325 2583 1700 940 5491 2954 2922 1525 9615 9426 8487 7565 5253 2388 2098 1901 365 24 4489 3590 1253 1108 7974 7789 6790 6301 4598 3807 2523 6926 4707 4339 4205 3160 3051 2994 2902 2515 2120 1681 1083 965 576 568 317 9509 8105 5178 4754 4659 3706 3400 9001 7735 7018 6993 5070 4807 4176 3406 1903 9074 7778 7199 4708 3943 1248 1057 1045 7476 7219 5802 5573 5300 3071 3016 2557 2538 1668 644 5469 5135 5042 4423 4160 2348 1980 5109 4909 3745 2246 8717 7711 7443 3731 2530 1854 585 396 8937 7698 7210 4343 3640 3312 3162 2730 8172 7919 7642 5553 5268 4435 4082 1558 269 8233 8048 7570 7387 5892 1745 224 22 4304 3929 3903 7780 7058 6127 4580 3767 2771 369 299 7149 7122 5973 5433 2321 837 8881 8630 7486 6911 6503 5449 4571 4536 4051 9596 7401 6779 6141 6114 5764 5163 4696 4327 3362 2739 2493 8364 3667 3361 3054 2971 2420 1985 1925 8962 6599 5008 4837 4074 1613 1382 1342 7958 7522 6011 5994 4926 3692 3002 2826 2079 852 9098 8938 8924 8437 7177 5702 5224 4564 4230 2811 2710 1571 470 7429 4376 2502 627 8149 6888 5588 5308 2895 2835 2457 136 8335 7613 6771 5819 5504 4036 3633 3527 3262 2550 2337 2155 1831 1829 7226 6056 5813 5687 5273 3490 3300 2701 2357 1753 7169 6905 5934 5888 2742 2301 9337 6929 6768 6277 4596 4439 4026 3479 3278 3086 2037 7232 5207 4584 3165 2434 2118 1719 1028 9224 8122 7377 7204 6006 5707 5289 3455 3373 1316 241 7589 6841 6012 4453 3749 3698 3602 3575 3422 2711 1835 832 8545 7257 6795 3856 2492 1596 7293 6454 5172 3946 2584 757 348 7367 5968 5706 5694 2706 2638 2468 1704 162 32 6917 5189 5028 5018 3258 2519 845 9463 9207 6414 6249 6196 4836 4087 3512 2778 1728 936 749 9269 9115 9082 9039 8929 8623 8277 5733 4774 3766 3026 2633 2613 2592 2087 1860 9826 9483 7694 5850 4713 4055 3925 1544 663 307 9129 6822 3886 3082 1009 838 246 8851 8188 7928 6339 6270 4602 4096 3110 2774 2193 2067 9678 9218 9133 8917 7856 7374 4570 3927 3443 2141 767 507 8125 7947 7806 7558 5221 4964 4526 3586 2624 433 7280 5434 2368 1654 960 639 476 5089 4750 3482 3297 2715 1366 9685 8958 8782 8753 7405 6066 5512 2374 2278 556 6931 6604 5858 5291 2419 1270 624 559 8382 6972 2296 1727 1383 1347 744 414 8639 6789 3884 3828 3611 262 8624 8582 7231 6960 6834 6767 6154 3862 2187 257 9555 9065 8502 7510 7163 6293 5239 3287 2314 1303 564 427 9170 8978 5153 4674 3352 1013 8504 5475 5085 5007 4153 4107 2345 1850 9110 6854 6853 6289 6057 5717 4635 3383 3357 2471 1387 1121 7582 7026 6804 6609 5829 4522 2666 2237 2062 2014 1553 955 130 9351 8800 8383 7977 7757 6610 5389 5212 3801 3620 2853 2387 7393 7282 6021 5054 4302 1228 8103 7498 5124 4438 4098 2970 1367 7794 7785 6328 5751 2716 1938 9507 9152 8510 8412 7966 7876 7073 6241 4633 2033 1612 1546 8605 8377 8297 8021 7197 6660 4380 4297 3399 3124 2691 1987 1956 391 8046 7503 5572 5275 4463 3838 2340 8560 6580 4686 3993 3491 3255 2285 1656 248 175 8185 7648 4133 4108 3336 2476 1106 500 146 3 8225 7274 6964 6371 6095 5630 5065 4968 3055 1633 1104 661 397 364 8254 7460 6595 6303 5891 5586 5357 5230 2689 1886 1778 983 739 6896 6873 4853 4502 4124 4065 1803 1746 1631 251 8113 7975 7287 6936 6538 6121 5459 4604 2392 2207 2078 793 5838 5776 3841 3571 2537 9162 6340 6069 6039 5488 4538 3209 2211 1969 9346 6832 6811 6308 4273 3617 2734 2578 1995 1396 1137 8431 5345 4695 4432 4066 3142 3014 997 7407 7348 7241 6218 6198 3941 3659 3638 3607 3232 3212 3146 2820 539 9648 9123 6590 6350 4781 4581 4320 4010 3407 3238 2173 1653 9588 8514 8465 7710 7617 7272 6151 5559 3892 3281 1466 954 512 9184 8663 7784 7176 6889 6398 5975 5544 4278 3990 3873 3768 3204 2649 1127 611 538 8266 7213 4887 4574 4422 4030 2805 2731 2600 1782 1074 313 9528 8886 8042 7555 6569 6323 5887 5714 4974 4046 4041 3018 2268 2235 2214 783 8345 7721 6496 6428 6331 5290 4867 4459 4228 3568 2752 1918 715 9307 8468 8319 8034 7924 7768 7743 7137 5808 5775 5593 4740 4165 523 8748 8180 7941 6883 5784 5521 5510 4355 3592 3391 2984 2981 2784 1071 959 451 8417 6891 5629 5150 2604 2034 1226 580 532 9677 9649 9394 9107 8974 6292 5501 5240 4668 3622 3159 2611 2266 800 112 7070 5164 3572 353 295 92 9270 7560 4646 4631 4231 3725 2634 2326 1023 179 31 9672 8783 8214 8119 7863 6449 6148 5851 5293 4102 3771 2780 2250 1552 6635 4295 4078 3764 3072 2939 1983 1524 1490 925 5941 5255 4182 3989 3937 1819 1210 1031 9362 9012 8791 8627 8232 7632 7211 5429 2581 2489 1122 756 363 8580 8490 8288 7178 6975 6653 6189 5373 5206 5173 5132 4955 4691 2294 686 475 6406 5812 1793 59 8316 7864 6197 5490 5374 5355 5210 4582 4561 2378 1470 1006 762 7564 5734 5666 4521 4388 4227 3202 8841 8154 7670 6345 5349 4049 3932 3261 2439 1754 1438 1372 910 578 9627 9583 9487 9468 8285 7162 7068 7065 5428 5219 4440 4120 3429 3069 1528 240 6995 6618 3117 2682 9078 8656 8482 8217 8213 6770 6433 5795 3724 2289 2059 2051 1752 8398 8143 7354 6990 6930 6588 6571 6397 6186 5084 4977 2291 2170 1332 901 164 8229 8013 7194 6736 6421 4349 4069 3891 3818 3288 3236 2764 2757 699 606 156 8526 8298 8258 7933 7456 7250 7004 6366 6090 5412 4810 4039 3804 3783 3388 3044 2154 2041 1996 1894 1843 1652 522 277 49 9272 8018 7762 7119 5885 5492 3562 2549 2139 1999 1452 1404 1156 312 9551 9103 7411 6355 2202 1669 9312 9132 8729 7306 6184 5745 5542 4374 4194 3465 3302 2648 2525 1587 1489 1143 374 203 8919 8570 8358 8282 7656 6170 4345 3728 3254 1231 1114 723 389 6632 5984 3972 3119 2680 2664 2645 2354 1769 260 238 9802 9768 9668 8559 8535 7034 5825 4726 4496 3986 3511 1661 1200 9382 8744 7457 6434 6175 5092 5043 3459 3215 1841 441 265 8261 7402 6986 5725 5267 5128 4832 3591 1748 607 8955 8609 8126 7547 7246 5921 5567 3621 2683 2551 421 8116 7359 7110 4725 3850 3048 1624 748 193 7631 7336 6910 5481 1539 1394 335 121 7064 6734 6320 6237 5425 5319 4578 4313 3543 3095 2777 2607 2365 1833 1509 1131 8497 8189 7999 5103 4093 1483 815 7760 7646 7216 6500 6117 5477 5158 5155 4881 4280 3881 1564 1533 887 6663 6325 5617 4444 4400 3954 3025 1142 8264 7902 7368 5545 5115 3545 2620 2331 2108 34 9185 6311 6054 5193 5067 3498 3198 3183 2921 5645 5589 5435 4828 2839 358 7965 7833 3800 3161 2081 258 8780 8524 7124 3517 2986 1617 9705 9225 8794 6584 6472 6330 5509 5200 4873 4640 4319 3663 3279 1433 1290 9441 9347 9211 9034 8626 8583 7737 6837 6379 6110 6035 5699 4872 3806 1825 1400 1069 1044 698 339 6704 4436 1824 1334 1244 1177 6651 4104 2619 2332 2205 902 7341 7144 6925 6871 4647 4282 4185 1881 1689 1620 561 6867 6529 6461 6450 5783 5191 4333 3024 2452 1531 1386 294 9096 7685 7587 6502 5991 5755 5157 4804 4318 3646 2809 1036 301 7665 7317 5111 5090 4782 3149 2857 1499 909 7909 7283 6934 6901 6264 5597 4537 2852 2837 2699 2092 1777 645 333 8786 8667 8434 7834 6664 6420 5910 5673 4495 4378 4244 3175 2405 2265 1529 1410 602 259 9560 9315 8253 7451 5461 4237 3723 3442 2372 1313 7337 7126 6491 5967 4878 4717 3997 2721 2612 135 9014 8604 7127 6089 4914 4451 3323 6839 5639 5053 4918 4812 3688 3506 3504 2692 1641 1275 1194 13 8068 7697 6483 5999 5688 5676 5457 5061 4809 3912 3907 3817 3372 3354 3154 2937 2847 2823 2160 1998 919 71 9297 8884 6829 6312 5372 4831 4623 4184 4038 3923 2653 2311 2054 1946 8988 8838 8817 8448 8286 8284 8055 6587 6100 5969 5108 3971 3895 3849 3523 3282 3007 1436 3081 2737 1735 8944 8234 7634 7042 6815 6687 4148 4111 3914 3848 3089 1976 9323 9009 8566 8131 8114 7339 6967 6391 5845 5351 3720 3596 3242 3015 2789 1512 730 9381 8925 6383 5364 3687 2032 1348 1003 9657 9371 6932 6533 6124 5919 5385 5176 4850 4751 4413 2458 2117 1945 1940 1330 801 537 367 8956 8499 8206 7259 7143 6107 5917 5443 4556 3945 3844 3742 1872 570 7993 7170 6775 6302 5105 5023 684 7196 5453 4757 4115 3839 2873 366 5876 4309 3988 1916 1447 1157 125 6647 6318 4986 4437 3220 1368 408 8970 8629 8052 7804 5414 3378 3134 2674 2647 1096 830 141 8084 7772 7208 6300 5728 5045 4886 4519 3996 2333 2224 1462 1393 9608 9088 8079 7096 6377 6150 5869 5664 4985 4945 4793 4745 3980 3139 1464 831 82 9093 9085 7805 7700 7651 6164 6162 4650 3750 2756 2512 8250 7585 7236 7024 6858 4607 4576 4260 3878 3812 2658 483 477 195 8758 8674 8611 8518 7755 7431 7308 7198 5350 3416 3114 1664 6895 6636 5741 3197 2989 2381 2161 1947 1865 535 7696 7537 4827 4714 4697 3710 3594 1711 630 9028 8365 7157 6942 6386 5859 5857 4895 4885 4324 4094 3799 3091 2261 8478 8151 8106 8064 7821 7611 6085 5431 4448 2956 2740 2184 2068 1109 7713 7275 6762 6227 5754 5391 4595 4270 4089 3085 1870 12 9089 9005 8352 7901 6787 6108 5390 4988 4517 4469 3994 3427 3364 3247 2625 1267 791 547 54 4731 3953 3855 3734 3476 2967 2920 2799 2676 2142 2101 1815 1621 579 111 9049 6602 4486 4429 4241 3826 2935 2927 1487 1375 956 782 9175 8087 7371 5718 5154 4221 3584 3371 3075 2491 2151 1577 9130 7926 6989 6508 6352 6316 5480 5195 5165 4612 4346 4201 3484 2815 2276 2071 1978 375 8153 7166 5931 5533 5339 4377 3753 2455 1514 1421 1163 1125 713 9244 8177 8132 6956 5416 5159 4605 1683 6206 5497 4298 3733 3216 3102 2640 1474 1197 528 6974 5555 5046 4747 3947 2825 7633 6594 4894 4018 3615 3203 1810 1092 113 47 9456 5599 5256 3719 3171 1437 8680 7421 7225 7151 5761 5383 4890 4398 3231 3107 2165 1975 1915 1898 1736 1191 9582 9339 7600 7530 6541 5117 4919 3962 3938 3412 2924 2713 2413 2209 1149 1030 463 8901 8675 8527 7963 7776 7717 6145 6025 4541 4515 3509 3083 3043 2763 1809 1138 1135 8120 7786 6812 3716 1502 1064 345 8849 8810 8588 8279 8228 8200 5340 4552 4477 3792 2988 2685 1680 1454 8973 7855 7534 6709 5303 5066 4874 4543 4261 4225 3981 3658 3612 3610 2568 513 9584 8932 8467 8378 6375 5730 5570 3570 2018 1751 702 597 9076 7961 6147 6076 5720 5649 4905 4778 4290 1966 802 9436 8370 7822 7357 6880 6667 6276 5884 5821 4912 4806 4364 4292 3809 1018 384 36 7668 6890 6778 6436 5827 5709 5402 4948 4791 3461 3343 1958 1020 906 80 9717 9267 8868 8203 6041 5248 5138 4729 4054 3798 3786 3613 2911 2824 594 6394 5820 5767 4767 1900 1876 1481 1098 9372 9248 7981 4119 3931 3645 3309 2709 1450 841 640 9361 8961 8805 8645 8010 7092 7054 6958 5872 4331 4256 4233 3447 2884 2073 1498 1158 868 679 327 8480 7466 6052 4006 1787 1763 818 9262 8975 7891 7809 6870 6061 5590 4588 4504 4132 4017 3902 2703 944 488 45 6701 6619 5506 4709 3824 2722 2153 1222 1155 7580 6183 5406 4920 3900 3251 2097 780 659 70 9787 8976 7334 7279 5765 5627 4883 4856 3995 2899 2812 2642 1849 676 380 372 9659 9166 9116 7450 6718 5342 5034 4845 3672 3464 3269 2955 2860 1885 751 634 5875 4533 3550 3495 2363 743 588 577 201 8781 8026 7758 7388 7186 6976 6938 5920 5585 5552 3062 2623 2490 2022 758 8461 8404 6814 5698 5623 5538 5532 4860 4688 4603 4186 4100 3472 2736 2726 2220 1412 329 9378 8498 7583 7446 6868 6116 4528 3889 3450 3041 2679 1697 1424 835 349 8843 8259 7464 6038 4787 2215 804 7111 7002 6070 5756 5498 4957 4488 4247 4001 3835 2283 1706 688 8863 7599 6346 5801 5551 5006 4215 2241 1963 874 591 176 7680 7395 7245 7187 6652 5724 5133 2901 2845 2284 2007 1458 1281 324 321 220 7265 5595 5564 5548 5514 5030 4700 4357 3685 3120 2704 2402 1897 1355 777 392 8108 7992 7860 7009 6530 5989 5700 5033 4294 3421 2248 2039 8528 6886 6864 6741 6625 6405 6258 5432 5050 5010 5001 4871 4683 4579 4330 4173 3781 3395 3348 2330 2179 2085 2064 1503 834 765 524 370 145 8492 7396 7141 6937 6152 6077 6026 2743 2615 2606 2427 631 159 9141 8832 7130 6852 6638 5865 5294 4503 3689 3380 2807 2790 2328 969 584 27 7437 7318 6193 5789 2454 2017 1802 1526 1053 573 6495 5605 4949 4935 4232 4183 3381 2694 1988 1408 187 9348 8351 8343 8295 7686 7351 6907 6532 6384 5304 4616 4421 3580 3497 3349 3275 3078 3052 2881 2821 2672 2099 1588 1346 1309 8632 8342 8265 7723 6927 6766 6309 5680 4311 2903 2475 2167 2013 1738 1690 1632 15 8454 8386 8081 7430 7375 7142 7140 5806 5643 4208 3840 3101 2842 1834 1740 755 8322 7655 7618 7579 6863 5905 5744 5531 5078 4171 3147 1805 1418 8918 8730 8346 7687 7514 7273 6068 5614 5426 5076 4617 4518 4462 3879 3187 1398 1205 1037 826 517 334 117 8705 8280 7889 7750 7620 7338 7312 5575 5274 3241 2738 1717 8543 7645 6792 6216 4000 2851 2788 2056 1846 1140 6575 6093 5140 4577 4475 3763 3358 3067 2953 2925 505 7945 7913 7465 6479 6010 5972 5235 4698 1677 1403 303 281 8471 7918 7705 7463 7255 6083 5898 5738 2186 9594 8668 7533 6774 6544 6526 6019 5719 5380 5217 4587 4213 2369 361 104 9300 7654 7220 6702 5228 5020 3131 1952 1432 677 206 4381 4099 3111 3036 2961 2145 2130 1390 9666 9520 9429 9056 8890 8290 6992 6527 6337 6226 6190 5637 5444 5243 5182 2382 1147 900 865 496 429 84 7607 7573 6547 6167 5608 5223 3898 3136 2832 2782 497 420 387 6358 4817 4643 3880 3790 3195 1797 1362 990 8446 7923 6694 5474 4329 3675 3346 2379 1055 543 132 9484 9251 8799 8636 8353 8324 7836 6983 6259 4734 4590 3650 3525 805 261 8388 8329 5697 3735 3129 2573 1750 1734 987 816 9638 9321 8142 7644 6132 5691 4162 3467 3096 2959 2429 2287 1726 1350 929 415 7588 6745 5456 3851 3047 2940 1741 1358 129 8732 8724 8272 8007 7818 7172 7012 5145 5123 4499 3223 2080 9634 9492 8659 8512 8385 7586 7008 6204 5853 5134 5031 4970 4337 3770 3601 2020 1066 753 665 231 7894 5679 5421 4738 2508 1251 980 282 7727 6805 6370 6188 6128 5758 5415 3882 3033 2591 2107 2061 149 9208 9156 8389 7212 6357 5907 5324 4923 2313 2243 1041 276 9310 9073 8161 6278 6104 6032 5271 4841 4589 3632 3477 2975 2910 2540 1887 922 66 9322 8219 6623 6423 4704 2516 1626 1201 170 9058 8952 8457 8056 7746 7251 6628 6279 6250 6064 5790 5029 4670 3859 3703 1875 1813 1091 912 399 9471 8879 8749 8449 7843 6824 6799 5951 5908 5116 5005 3909 3588 3551 3463 3439 3390 2650 2157 1718 1597 786 8756 8488 8205 7748 7742 6018 5746 5266 4369 3665 3480 3289 2741 1488 1016 7482 6542 6228 6191 3704 3338 2750 2580 1871 1268 817 9571 9021 8124 8101 8008 7837 7725 7120 7098 6556 5062 4083 3415 2977 2166 1941 1848 1478 9838 9770 9566 9319 8766 8509 8500 7353 6471 6448 5101 3554 2938 2816 2561 1264 1182 185 8239 7528 7472 7343 6955 5727 5211 4240 3565 3423 3359 2943 2298 2189 2113 1962 1599 773 9274 9144 8995 7816 6516 6283 4780 3208 3125 2872 2579 1644 827 9718 9542 7051 6267 6169 6153 5890 5246 4493 4197 4142 3137 1792 1679 1559 1557 1289 939 926 788 734 652 352 153 9254 8994 8299 7161 6333 3273 2100 229 9149 7596 7385 7340 7310 7101 6578 6557 5831 5682 4792 4076 3548 2874 2800 2110 1688 1123 930 873 328 196 6364 6065 5932 5899 5486 2030 1161 726 346 9387 8694 8426 7606 7548 6492 5535 4857 2912 1556 1495 342 7027 6144 5840 5348 3355 2917 2765 2501 2052 1369 343 204 17 9534 9515 8991 8983 8360 7841 6285 4979 4043 3901 3576 2459 2021 1698 1241 140 9285 9114 8520 7521 7117 6545 5815 5309 5156 4932 4353 4272 3560 3057 2755 2687 1572 1257 981 668 468 8740 8506 8248 6843 6808 6368 5693 5660 5650 4534 4239 2652 2627 947 322 8443 8263 8057 7970 6062 5866 5739 5286 4694 4356 3445 2828 2219 107 9525 7449 5378 4727 3908 3846 2563 2325 2185 126 9699 9226 8157 7438 7202 6181 5284 1230 1126 485 9529 9379 9043 8432 7840 7454 6410 5487 4916 4869 4675 4525 4047 2074 1252 1227 197 143 8922 7332 6796 6387 5868 5179 4833 4406 2972 2307 2176 2058 880 8336 8160 7412 7328 7023 4947 4820 4654 4599 3345 3153 3056 1630 8210 8040 7674 6922 6902 6740 6112 5943 5696 5638 4226 3921 3648 3335 3201 2528 725 452 101 9081 8294 7077 5882 5799 5051 5003 4680 3038 2886 2639 2356 1703 1581 1360 1061 1058 386 214 8347 7591 7471 6613 6079 4910 4759 4195 4117 3773 3553 3521 3222 2225 2174 2134 1806 1479 1236 736 65 9084 8915 6205 5612 5080 4535 3365 3301 3184 3039 3011 2869 958 215 9827 8731 8262 7722 7011 6497 6044 5151 4859 4268 3460 2808 2218 2206 1536 1256 412 9447 9282 5736 5543 5377 5335 4062 3324 1934 1856 1623 785 8374 7766 6945 6477 6369 6242 6123 6122 5557 5366 5330 5215 4788 4474 3432 1307 872 8902 7731 7305 7050 7025 7000 6314 6115 5996 5591 4267 4067 3060 2524 972 9817 8361 7559 7116 6078 5252 5102 4921 4307 3778 3469 2829 2401 1919 8481 8392 6728 6624 6257 5947 5675 5014 4567 4147 932 918 432 9327 8764 7267 6297 5038 4310 4279 3029 2702 1325 1314 1239 1219 771 709 7657 6862 5422 4629 3852 3671 3655 1906 1788 692 480 63 8723 7289 5915 5672 1989 1444 1207 9313 8051 6507 2898 2696 2597 2424 1659 1611 1491 632 448 403 9572 9464 9051 7136 6348 6043 5662 5471 5317 4765 4281 3936 3643 2996 2659 2171 2164 1982 913 309 270 7222 6683 6202 5451 5162 4875 4770 3967 3787 2461 2146 1878 1093 583 308 9121 8921 6785 6246 5624 5563 4016 3868 3311 3027 1867 1742 1605 1054 934 230 9862 9844 9625 9597 9539 9280 8899 7574 7084 7080 6382 6173 5871 5785 5594 4906 4404 4242 4154 3305 8349 5619 4109 3935 1377 9410 5995 5786 3225 2883 2309 1780 1665 1171 8534 8038 7848 7458 6756 6753 5992 5344 5320 5311 4630 4110 2865 1035 289 8702 8409 7858 7829 7815 7601 6416 5762 5323 5225 4322 4056 3132 2671 288 139 9238 6949 6885 6073 5804 5579 5527 5251 4975 4940 4826 4468 4169 4113 2544 2535 2393 1522 892 531 491 8883 8785 7759 7288 7209 6486 6319 5083 3755 3656 3536 3121 2798 2546 2380 1591 1440 1278 1220 558 520 9729 8774 8673 8593 8441 8088 8043 8000 6810 6572 5946 5928 3918 3736 3578 2999 2980 2888 2593 1453 1291 1237 848 9517 8567 7484 7413 7270 7114 7075 6119 6040 4481 4402 3542 3156 2930 2768 1345 1294 977 413 310 235 9099 9013 8907 8548 7800 7753 7531 7527 7372 7079 6851 6693 6442 6214 5880 5216 3678 3510 2358 2106 428 9740 9198 9032 9031 7949 7733 7422 6916 6712 6271 6182 5152 5142 4264 3539 2830 2735 1250 968 938 829 616 236 74 21 8483 8348 7664 6840 5301 3774 3752 3334 3206 2441 2418 2386 2050 1771 1527 1486 1428 1081 1078 825 8 8875 8363 8144 5396 5095 4112 3599 3532 2137 1223 989 787 595 8939 8695 8141 7741 7452 6827 6047 5143 4786 2558 2247 1662 914 7501 7037 7032 6444 5000 4997 4719 2797 2507 2344 2129 1932 1877 1584 662 445 217 83 9526 9473 8880 8684 8439 8274 7842 7832 7792 6363 6003 5407 5247 5192 4372 3726 3496 2005 1873 1574 1034 928 371 8246 7763 7545 7195 6757 6566 6376 5668 5278 4720 4024 3970 3329 2758 1667 1580 57 8495 8486 8199 7872 7090 6721 5828 5621 5616 5424 5327 4476 2554 2438 1145 988 46 8574 7799 7015 6562 6561 5735 5399 4730 3833 1951 1830 1694 1245 1017 553 490 406 86 9239 8778 8578 5370 4387 4314 3526 3451 2907 2590 2394 1965 297 212 9489 8965 8689 7782 7777 7427 6874 6786 6747 6409 6321 6225 6156 6133 6049 5566 3973 3296 2063 1084 489 9159 8519 7069 5464 5420 4756 4245 3831 3250 2467 1920 1639 1506 1389 1052 861 9673 8515 7682 7095 6176 5960 5749 5584 5439 4505 4449 4177 2609 2221 1974 194 9465 8693 8212 7998 7300 7108 6248 6146 6027 5878 5441 4711 4609 4390 2003 1266 821 456 115 9036 6941 6138 5371 4601 4551 4427 3964 2950 1707 1455 1318 1166 1051 8894 7953 7183 7033 6798 6381 5794 5763 4844 4681 4458 4442 3558 3133 1883 1259 1229 541 38 9580 9183 8109 6441 5442 5104 4973 4952 3356 3127 3020 2029 1836 379 131 9428 9247 8733 6731 5849 5715 5362 5279 3386 3013 2662 1816 1535 1218 1001 984 9850 9480 9354 9221 9214 9195 9163 8803 8472 8023 7399 6656 6251 5558 5516 5229 5019 4191 3569 2595 2122 1320 856 336 8565 7416 7294 6719 6177 5987 3673 3579 3410 3277 792 9038 7969 7931 7094 6630 5961 4692 4159 3738 3722 2589 2355 1515 1471 1007 803 464 409 89 9918 8704 7662 5942 5930 5035 4956 3847 3456 3387 2249 2045 1606 1429 1212 341 7690 7129 5933 5911 5479 3910 2948 2944 2723 2077 1855 1343 562 9846 8807 8190 8167 8130 7432 7352 7072 6597 4312 4303 4192 3797 3680 2631 2336 1891 1687 1672 1578 1563 613 273 8202 8148 7847 7346 7304 7049 6915 6828 5568 4721 4155 4140 3647 3099 2919 1146 1040 798 356 9839 9792 9513 9472 8380 8078 7435 7249 6899 3756 3425 2559 2163 1670 966 866 775 9369 8809 8658 6674 6627 6464 6194 5604 5041 4214 3046 1642 1333 1328 530 4 9741 9545 8860 8670 8536 8513 7895 7689 7347 6743 6698 6322 5759 4982 4889 4300 4141 3473 3105 2188 2169 2060 1308 1204 690 484 105 69 7854 7681 6531 5874 4131 3582 3211 2915 2772 2586 2212 1660 1519 1247 1133 850 778 7 8998 8050 7494 7007 6769 6378 6295 6217 6139 5356 5318 5139 4417 4178 3068 2279 2177 1286 1284 946 610 7625 7563 7263 6875 6817 6480 5779 5245 5022 2870 2766 2708 2395 2272 1795 8760 8665 8622 8395 8080 7884 7740 7038 6617 6212 4385 3864 3369 2858 2598 1997 1821 776 181 7584 7019 6914 6859 6593 6101 5901 5671 4199 8618 7831 7480 7224 6192 6130 5125 3437 2494 1549 1273 893 853 678 424 8003 7790 7636 7159 7123 6440 6143 4678 3608 3167 1554 1415 1327 1188 1014 114 9772 9352 9311 8969 8682 8221 7883 7234 5582 4937 4795 4086 3934 1990 1838 1592 601 252 9550 8989 8235 7825 6359 4958 4822 4545 3403 2963 2698 2229 1902 1329 1262 1049 599 75 9167 8713 7951 7630 7525 7003 5049 4409 3969 3377 3266 3103 2783 2511 1713 1427 1401 1008 405 7538 7489 7066 7057 7053 6722 6341 6004 5731 5113 3322 3314 2574 2442 2396 2238 1565 1379 1323 1012 949 714 292 9101 9083 9030 8818 8291 7658 7314 6498 6273 6229 5963 5658 5468 4966 4934 4651 3661 3049 2057 2046 1637 1601 1169 600 545 390 383 188 10 9830 9070 8769 8104 7383 6777 6468 6336 5771 5387 4530 3949 3894 3426 2195 8184 6982 6207 6103 5667 5259 4229 3905 2364 2093 1629 1025 796 9064 6520 6288 6165 5966 5017 4864 4825 4802 4739 4657 4619 4405 3674 3186 1893 1823 1456 1224 623 250 234 7880 7702 7360 6959 6240 4925 4285 2498 2255 2147 1376 1249 9804 8362 7447 6997 6096 5971 5925 4941 4397 4325 4035 3405 2644 1174 843 501 9229 8539 8321 8173 7980 6963 6933 6233 6042 5690 5120 3757 3143 2661 2349 2277 2240 1646 1022 486 8839 7420 7345 7179 6417 6365 5998 5430 5336 4961 4913 3448 2610 1912 1184 619 9661 8982 8896 8617 8466 8224 7868 7811 7695 7370 7173 7016 6919 6912 6860 6676 6513 5368 4762 3866 2819 2628 2485 1705 1582 1364 898 9654 8100 8030 7765 7590 6707 6622 5848 4634 4420 4075 3566 3457 3112 2539 2274 1955 1724 1510 1337 908 474 16 9204 9057 8752 8096 7627 4891 3263 2660 2504 1922 1208 1179 438 437 271 155 58 8585 8039 5331 5136 4077 4040 4004 3181 2928 2754 2707 1373 1190 1010 888 808 447 7132 6893 6219 5742 5476 5296 5012 4989 4930 4316 3919 3332 2299 2144 2076 1993 769 628 495 95 8476 8318 8073 6752 6615 6439 6437 6149 5312 4223 4187 3808 3170 3097 2686 9702 9530 9053 8330 7720 6739 5692 5460 5282 5276 5068 4824 4021 4015 3557 992 697 596 8708 8433 8012 6939 6220 5814 5238 5087 4815 4724 4467 3549 3218 2601 2536 2082 1973 1380 1050 617 109 90 8508 7391 5655 5602 4615 3695 3453 3104 2796 2630 1271 582 509 411 7055 6892 6447 5927 5906 5613 4287 1511 9040 8679 8474 7292 7181 6848 5883 5524 5452 5146 4866 4764 4614 3436 3428 3213 1463 718 502 263 56 9071 8638 8531 8356 7478 5333 4854 4328 4052 3452 3245 1847 1776 1708 710 567 351 326 102 91 9674 9652 8162 6347 5450 4506 4447 4373 4012 3564 2505 2398 2115 1371 1260 772 8676 8065 8036 8006 7593 7540 6691 4897 4829 4338 3128 3079 2968 1217 904 216 7886 6703 6426 6161 5909 5873 5470 4843 4592 4188 4050 4027 2866 2477 2433 2168 2083 1739 1331 1136 1115 9368 8159 8035 7707 7640 6658 6120 5578 5015 4901 4784 4776 4733 3975 1864 1397 1168 731 243 108 9758 9609 9501 9392 9235 8555 8407 7567 7479 7384 7001 6947 6713 6519 6282 5895 5826 2596 2478 2158 1927 774 654 9516 9314 8928 8885 8505 7769 7473 6961 6082 3977 3304 3098 2880 1354 1211 184 8686 8301 8296 8237 7972 7754 7598 7379 6952 6626 5949 5397 5026 4045 4019 3715 3605 3155 3059 2747 2347 2180 1139 9577 9418 9171 8936 8590 7812 7409 7193 6729 6430 5913 5774 5737 5689 3440 2509 2426 2317 2290 2127 1929 1622 1082 6456 5705 5181 4235 4202 3693 2947 2446 1861 1021 807 747 587 493 110 9299 8620 8150 7732 7519 7301 6238 5952 5467 5361 4693 4430 4250 4023 2643 2543 2210 963 742 626 407 256 8511 7955 7817 6178 5226 5188 5147 4741 3867 3392 2136 2006 1693 950 604 515 357 207 9541 8996 8834 8236 6897 6823 6711 5288 3595 2351 1979 1960 1468 1339 1112 7946 7175 6857 6732 5980 5473 5270 4639 4007 3870 3789 3696 3135 2712 2585 2542 2376 1435 707 504 227 7604 7378 7107 6856 6407 6155 6140 5916 4991 4744 4723 4126 4122 4068 3501 3246 3000 2802 2389 1033 8653 8393 8231 7424 6462 5403 5025 3984 2732 2621 2227 1911 1673 1540 1154 636 9029 8903 8858 7520 7269 7235 6515 6445 6373 6023 5824 5376 4969 4821 4799 4732 4393 4193 4135 4088 3845 2622 941 388 291 78 9193 7550 7444 7047 6714 6692 6484 6163 5958 5472 4367 4344 4121 3070 2840 2488 586 272 213 8255 7890 7481 7319 6411 5982 5780 5528 5462 5126 4995 4839 3627 2700 2091 1288 1225 1216 1085 498 9296 7914 7736 7592 7467 6222 6221 5988 4772 4253 4071 3843 3589 3291 3028 2111 1783 9714 8913 8787 8597 7448 7311 5766 4981 4943 3963 3639 3619 3598 3385 2957 1923 1909 1402 473 378 254 9510 9290 8703 8099 8019 5716 5511 5160 4645 3458 2430 2199 1297 921 653 9117 8947 6977 3920 3351 2407 1766 1725 1516 1162 581 8315 8310 8302 8145 7671 7046 6605 6535 4648 3664 3616 3414 2834 2605 2094 1936 1826 1285 1094 766 400 9726 9720 9562 8083 6296 5484 4200 3796 3347 3214 3106 2445 1187 571 40 9293 9095 8811 8641 8589 7973 7964 7577 7554 7081 6844 6016 5978 4168 3631 3404 2932 797 612 9788 9687 9308 9151 9023 8912 8537 8031 6918 6850 6559 6280 5454 5177 4777 3759 3294 2463 2203 2001 1409 1351 1203 760 96 8771 8320 7787 6684 5844 4539 4348 4085 3641 3219 2594 2297 1322 1192 300 43 20 9427 8852 8837 8424 8422 8293 8107 7862 7315 7239 6670 6431 6261 5326 4029 948 633 298 284 9357 9243 8711 7957 7849 7621 6673 5757 5547 5307 5183 3430 2522 2315 2273 1798 1405 549 9353 8948 8337 6474 5896 5201 5048 4705 4575 3290 2126 1119 53 9824 8874 8596 7423 7322 6872 6510 6072 6048 5024 4963 4358 3915 3409 3398 3248 2868 2473 2352 2322 2302 1651 1607 76 9325 8610 7978 7881 6075 3887 2670 1957 1595 903 620 253 9131 8946 8637 8139 7704 7663 7268 6818 6489 6024 5313 4492 3284 3253 3040 2942 2817 2124 1794 1767 200 9573 9567 9486 8802 7952 7109 7062 6985 6973 6427 6305 4984 4908 4797 4170 4114 3911 3711 3690 3520 3341 2893 2192 2010 1779 1430 393 9279 9206 8985 8625 8463 8309 7866 7400 7240 7097 6565 3299 3234 3152 2775 2753 2616 2133 2028 1189 1103 9708 8405 8191 7526 7028 5791 5674 4978 4888 4703 3367 2827 2776 2567 1712 982 9199 9164 7692 7440 7349 7153 6102 5940 5722 5561 5363 4847 4699 4425 3940 3681 2232 1649 1501 1385 1240 232 154 147 8436 8354 8242 8163 7808 5777 5634 5263 4559 3956 3885 3708 3393 3271 1765 970 859 355 9430 8240 8082 7715 7355 7139 6641 6567 6400 6174 5867 5832 5517 5198 4796 4146 3518 3194 3118 2787 2714 2270 1942 1015 1004 899 618 9011 8900 8897 8619 8533 8178 7744 7524 7333 7171 6662 6362 6092 6087 6084 5965 5529 5258 5141 4904 4347 2744 2695 2651 745 394 347 183 35 9153 8373 8328 7643 7156 6737 6275 6232 6058 5862 5436 5149 4980 4830 4511 4249 3166 2390 2384 2263 2208 1517 781 9212 9125 8967 8577 8123 7905 7893 6887 6574 6334 6327 5833 5328 5129 4971 2072 1892 1589 1300 660 621 242 7982 7959 7043 6705 6443 6274 5169 4491 4386 3822 3729 3636 3259 3224 2042 1696 1604 1561 1449 285 180 169 8390 8216 8183 7962 7616 7595 6644 6142 4500 2791 2069 2031 1908 1299 1063 331 148 ]
=================================================
