4
8103
7378
7439
7769
8373
6956
9055
7275
6973
8209
6876
6795
6890
6951
6934
6896
7086
7146
6931
7539
8242
7774
7324
7044
7022
6936
6882
7035
6829
7542
7425
7080
7627
13312
16671
19314
14730
14750
15184
14643
15043
14450
14776
14840
14831
15357
14930
15057
19640
16329
15059
15245
15279
15014
15240
16028
15142
15140
11381
10688
11233
11120
11032
11332
11158
11872
7295
7399
7593
7451
7676
8757
7624
7052
7103
6911
6798
6920
6797
6825
6790
7002
6863
6832
6852
6779
6841
6860
6825
6736
6767
6890
6754
6947
7023
6739
7172
6897
6740
